1
2
5
6
7
9
10
11
12
14
15
16
18
19
21
22
23
25
31
33
43
56
58
62
65
69
73
77
78
79
80
81
82
83
85
86
87
89
91
96
101
102
103
104
105
106
107
109
110
111
112
113
115
116
118
119
120
122
123
124
127
129
130
131
133
134
137
139
140
141
142
144
145
146
147
148
149
150
151
152
154
155
156
158
161
163
164
166
170
171
172
173
175
179
180
181
183
184
185
186
187
188
190
191
192
193
194
195
196
197
200
201
203
204
205
207
208
209
210
212
213
214
216
217
218
219
220
221
222
223
225
226
227
230
231
232
233
234
235
236
238
239
240
242
243
244
245
246
248
249
250
251
253
254
256
257
258
259
260
261
262
263
264
267
268
270
273
274
275
276
277
278
279
280
281
282
283
284
285
288
289
291
292
293
295
296
297
299
300
301
303
304
307
308
309
311
312
313
314
315
318
319
320
321
322
323
324
325
326
327
328
329
330
331
332
334
335
336
339
340
341
342
343
344
345
346
347
350
351
352
354
355
356
357
358
359
360
362
363
364
365
366
367
368
369
370
371
373
374
375
376
377
379
380
382
383
385
386
388
390
391
393
394
396
397
399
400
402
406
411
412
413
416
417
418
420
421
422
423
424
426
427
428
429
430
431
432
435
437
438
439
440
441
442
443
444
445
446
447
448
449
450
451
452
456
457
